0,1,2,3,4,5,6,7,8,9,10,11,12,13,14,15,16,17,18,19,20,21,22,23,24,25,26,27,28,29,30,31,32,33,34,35,36,37,38,39,40,41,42,43,44,45,46,47,48,49,50
1.0,0.9669294799903765,0.9986645574535516,0.9993680121710284,0.9969588204344785,0.9949135285108527,0.9976116841889376,0.9881957930558324,0.9098761883196526,0.999046230787154,0.9994450367309681,0.9911407106497339,0.9966455205272875,0.9986318854509127,0.9996726756562918,0.9987363419504153,0.9982825187749871,0.9996685297673217,0.9997934995063268,0.9952112350494909,0.9975678234602982,0.9965463041542365,0.9994961134641225,0.9972972387188724,0.9995542308345008,0.9997425489922228,0.9916233545843692,0.9965406775550637,0.9987607578930071,0.9902871428844371,0.9973566934706516,0.9981795087569652,0.9979312677972624,0.9988024608240371,0.9782447925399954,0.9995343747292923,0.999668754954335,0.9979585884033212,0.998998971841217,0.9886954892739112,0.9997135494046897,0.9851518564326329,0.9997772052268239,0.998340834746821,0.9962535967996216,0.9685984206142358,0.9978308497273269,0.9971850496810236,0.9971397609491065,0.9991277839644218,0.966858663647381
0.9669294799903765,1.0,0.966898599129985,0.9714620021149574,0.9607015607694475,0.9672271250621217,0.9739050503775992,0.9923913281203195,0.9718520152037647,0.9618242000798702,0.9640048378853311,0.9908114331353862,0.982342635491567,0.9637662162022778,0.966303645822121,0.9738675580721392,0.9749961288260999,0.9683180166499054,0.9677750926022523,0.9852758142454493,0.9675278958752662,0.9657665673728996,0.9649157356643827,0.9687737930329301,0.9709751029994824,0.9670901236533676,0.9908015274552068,0.9814118724256419,0.9747891473783101,0.9895345859577919,0.9648550091420239,0.9781515332505968,0.9610600858806749,0.963357599773543,0.9974779428446285,0.9636732734865069,0.9702846597540825,0.9709446748661925,0.9630137558643311,0.9909139897340694,0.9671366907633598,0.995314928366322,0.9659096028227567,0.9618374383394562,0.9762090589410207,0.9968993357311663,0.9654281811592759,0.9672061715237933,0.9765114235923,0.9682140542674949,0.9993638806514898
0.9986645574535516,0.966898599129985,1.0,0.997189724124126,0.9992545995243844,0.9980007544422256,0.9979215744946852,0.987118513381385,0.9113547993678277,0.9992837942077973,0.9993567983050354,0.9913762116493544,0.9974014653793745,0.9995409716519005,0.9984835610756729,0.9985901212614243,0.999192177550853,0.9981219456404293,0.9979373750277559,0.9944357642254459,0.9984709431216712,0.9978854284802465,0.9995359821139728,0.9991589948800281,0.9977653781239207,0.9990751992368873,0.9918538438665606,0.9974684446129084,0.9988979982450418,0.9905585477297697,0.9983486643528073,0.9982914957458283,0.9986481144031066,0.9994072050527419,0.9788469774980075,0.9984803631612648,0.9988946433543857,0.9996712966666684,0.9977793439466,0.9890690383873068,0.9992739677530214,0.9847304265396414,0.9987141865567937,0.9996286792775363,0.9984945329585132,0.9684931705833161,0.999031103490461,0.9995070534422024,0.9939584073773208,0.9991257732126981,0.9665477623404994
0.9993680121710284,0.9714620021149574,0.997189724124126,1.0,0.9946147640460243,0.9926998930686881,0.9966562834837083,0.9897647018430579,0.9128686867363583,0.9974451833274952,0.9979550311107538,0.992312318684506,0.9968445639613107,0.9968769259078204,0.9992947921215509,0.9985659634670109,0.9975752790707475,0.9997016986900316,0.9996907200447872,0.9960253805082677,0.9957137862817058,0.9944446712973102,0.9984127951147874,0.9956849631930835,0.9995503127364874,0.9990895891557435,0.9929636021765029,0.9963621917062943,0.9988226191514646,0.9911599434258445,0.995482357968654,0.9980718940778592,0.995787323148911,0.9969147118691305,0.9808618174534208,0.9988750045843223,0.9995123048784704,0.9966310648519672,0.998298878685615,0.9895059673442477,0.9985627557289452,0.9876182429337992,0.9992109072675308,0.9965508646001189,0.9951874787395335,0.9714601848219726,0.9959570356963416,0.9952816159159678,0.9989728136688415,0.9984379889005476,0.970986399052717
0.9969588204344785,0.9607015607694475,0.9992545995243844,0.9946147640460243,1.0,0.9984541615255412,0.9970947867626112,0.9833315289903548,0.9062943990427005,0.9988697877958573,0.9987212209361549,0.9881735282188527,0.9950498387190174,0.9993579295850218,0.9968987524958779,0.996783054790057,0.9978180369621628,0.9961639713378084,0.9959978504619543,0.9915700670272104,0.998371307511322,0.9982913161697504,0.9984179578451158,0.9987317187897938,0.9953958249529529,0.997662823162524,0.9884441265979718,0.9954342136986745,0.9969181805071914,0.987708960161175,0.9986048134193964,0.9961933794071701,0.9990031014750754,0.9990770013324156,0.9740182174852319,0.9972082634491118,0.9970470455143566,0.9988594660268469,0.9967511094169226,0.986223828563349,0.9980083902158062,0.9803339231770449,0.9973044095673895,0.9996776349274207,0.997399269011655,0.963751162983035,0.9990378273307385,0.9993303647524522,0.9905358964490105,0.9978281008920403,0.9601908077758062
0.9949135285108527,0.9672271250621217,0.9980007544422256,0.9926998930686881,0.9984541615255412,1.0,0.9979520479645786,0.9869675072145967,0.9191864391703319,0.9972031394920681,0.9972055517641394,0.9912460456987056,0.996103077422583,0.9983976562455634,0.9951697925142056,0.9967300829784435,0.9981654760687815,0.9941961645050696,0.9937940004763514,0.9937312139311659,0.998520749839493,0.9989085070719893,0.9967756859707133,0.9992115409006296,0.993250304009962,0.9962949917217969,0.9916531383003948,0.9967793401490844,0.995682806099189,0.9918422502207451,0.9988493682348822,0.9956591412961417,0.9979157462779726,0.9980135653344133,0.9793677254759322,0.9954508121265874,0.9955817493156364,0.9986728729154316,0.9954137696534423,0.9901419272302222,0.9967116047236697,0.9845579548034893,0.9956185635449182,0.9979512784069345,0.9985977172708542,0.9714754937226073,0.9989309533688965,0.9993680486134306,0.9895552997758627,0.9970988617293194,0.966461110941396
0.9976116841889376,0.9739050503775992,0.9979215744946852,0.9966562834837083,0.9970947867626112,0.9979520479645786,1.0,0.9928367995524839,0.928724078630153,0.9977271122277149,0.9983802785770511,0.9949404843493433,0.9978783343178932,0.9985486172225789,0.9974508116653229,0.998440864173179,0.9992183808549757,0.9972902091939588,0.9970402264620535,0.99756762006139,0.9994899104635128,0.9992060423775034,0.9977684302973842,0.9984566247338129,0.9969279339399338,0.9981756012362348,0.9949981430725587,0.9983879978369294,0.9975080250680946,0.9954615385527947,0.9990285064227576,0.9982476008083168,0.9984308738010634,0.9982641288511477,0.9839883398711744,0.9974358457927902,0.997752339364678,0.9985454486824824,0.9975455750354009,0.9941776802150254,0.9985010431187613,0.9895262323441198,0.9977138344598528,0.9974533808284265,0.9981792529279336,0.9783404392107445,0.9990954716335069,0.9983118880122167,0.995168076517988,0.9981167233196928,0.9737169829784578
0.9881957930558324,0.9923913281203195,0.987118513381385,0.9897647018430579,0.9833315289903548,0.9869675072145967,0.9928367995524839,1.0,0.9596271444010334,0.9849593061192786,0.9867761905548041,0.9987961790786812,0.9953001708289853,0.9862346763095146,0.987269326925335,0.9911990815860593,0.9922574577909958,0.9882559867619821,0.9882501754707433,0.9975857698861799,0.9893571908191154,0.9880955153545428,0.9863636382030762,0.9882050445421521,0.9899655457544564,0.988016775426739,0.9986189086417836,0.9952294102211605,0.9909333104341472,0.9987903284053458,0.987386047352005,0.9936083087351955,0.9851716850240343,0.9862703649947314,0.9965278061278325,0.9858544146626274,0.9892752868331134,0.9895021169682965,0.9856655653428718,0.9993030303160736,0.9886443775374956,0.9983833781772682,0.9873233586179456,0.9842576112070733,0.9919611795730058,0.994908473080726,0.9874807700527719,0.987257918346702,0.9916511270542061,0.9879948511883353,0.9928675144056609
0.9098761883196526,0.9718520152037647,0.9113547993678277,0.9128686867363583,0.9062943990427005,0.9191864391703319,0.928724078630153,0.9596271444010334,1.0,0.9042931516549483,0.9088270354599901,0.9503674460560599,0.9333584576883657,0.9095520714347117,0.9069661462441388,0.9184450018029605,0.9243519144175407,0.9094674179550952,0.9097872845789001,0.939869440296917,0.9210796406734449,0.9196740624320362,0.9065741323085118,0.9160074637940042,0.9143428237601917,0.9099100414354019,0.9490999539498787,0.9339970410032433,0.9186164953639411,0.9521102094851929,0.9154180664631787,0.9282931041020028,0.9090178267525802,0.908786964980073,0.9641714748438178,0.9042149711072635,0.9123818709757262,0.918607911097354,0.9047464990085832,0.95938098282866,0.9124830964338264,0.9568582316239826,0.907604875335394,0.904858108321483,0.9276510662314071,0.9778223985408697,0.9151257210831829,0.9150026860866423,0.9190813820647907,0.9103004420055004,0.9741574467674248
0.999046230787154,0.9618242000798702,0.9992837942077973,0.9974451833274952,0.9988697877958573,0.9972031394920681,0.9977271122277149,0.9849593061192786,0.9042931516549483,1.0,0.9997701653570538,0.9892440857943882,0.9956939003157381,0.9997069007554094,0.9992488854788872,0.9985511727627858,0.998284503947172,0.9985997986834034,0.9983839662871129,0.9935692844007485,0.9983858365597355,0.9980856023625296,0.9997026837472728,0.9988064333136671,0.9977791668896627,0.999415441400635,0.9895340853351042,0.9960773680579875,0.9978778182832326,0.9887594085293141,0.9988294639463722,0.9968395778546927,0.9993595764383352,0.9997275801277876,0.9749788511917581,0.9994272054452803,0.9988738074936957,0.9985627530902343,0.9991904524573801,0.9867122367704848,0.9994924673466694,0.9821845583932105,0.9993195149817565,0.9995630451567699,0.9969093933595592,0.9645940506371888,0.999023004443173,0.9987293391783961,0.9944474089755995,0.9994616705251652,0.961430182808276
0.9994450367309681,0.9640048378853311,0.9993567983050354,0.9979550311107538,0.9987212209361549,0.9972055517641394,0.9983802785770511,0.9867761905548041,0.9088270354599901,0.9997701653570538,1.0,0.9902998844792458,0.9962904564186317,0.9997465476858179,0.9992496943428071,0.9985937148550025,0.9986723678281859,0.9988576222293016,0.9988484200984725,0.994449459366449,0.9989292959746126,0.9983997921307833,0.9997174011665213,0.9986444431949978,0.9983816577196191,0.9996404642842991,0.9906633332124791,0.9965513471612628,0.9981721781015225,0.9899483398457969,0.9989337710891333,0.9976745710175121,0.9993676631079081,0.9997958438694892,0.9764629202636035,0.9994204792696305,0.9991084951266975,0.9988361473548302,0.9990886993647174,0.9881851307293102,0.9998186212917253,0.9833907976307393,0.9995221853765506,0.9994472893814668,0.9971504466213376,0.9671180169886444,0.9992889618652653,0.998707505274784,0.9949837381512303,0.9993132849527434,0.9638345569517276
0.9911407106497339,0.9908114331353862,0.9913762116493544,0.992312318684506,0.9881735282188527,0.9912460456987056,0.9949404843493433,0.9987961790786812,0.9503674460560599,0.9892440857943882,0.9902998844792458,1.0,0.9979516239729682,0.9902020321125736,0.9907831836665724,0.9947338439975535,0.9954039205444669,0.9913100324695858,0.9910074319119776,0.9990201274694577,0.9920334402742834,0.9910854484855494,0.9903753480596963,0.9926549012286471,0.9925232314566318,0.9913815929625616,0.999713099415013,0.9979575580601652,0.9944289178336749,0.9993140242194463,0.9907720903079144,0.9960778752286304,0.9889142079427679,0.9901767560969721,0.9966838158214267,0.9894897947171645,0.9926087070858266,0.9934050372642094,0.9892045037797889,0.9989517781859937,0.9917908853145052,0.9987611003977704,0.9906721196409555,0.988846229545209,0.9955417564462634,0.9920817882422377,0.990947963657371,0.9916589652496373,0.993417153439675,0.9921300077495888,0.9905334962512423
0.9966455205272875,0.982342635491567,0.9974014653793745,0.9968445639613107,0.9950498387190174,0.996103077422583,0.9978783343178932,0.9953001708289853,0.9333584576883657,0.9956939003157381,0.9962904564186317,0.9979516239729682,1.0,0.9962894103106142,0.9963997009934966,0.9986136628342888,0.9991832536182763,0.9965567366932647,0.9963689250104142,0.9987963448249684,0.9964715612815603,0.995552794216253,0.9966602629095077,0.997517775522556,0.9970840162939066,0.9970025627780804,0.998352011344456,0.9998027030562416,0.9988163435261569,0.9969980063903301,0.9957975088782793,0.9991861155237214,0.9947790523887495,0.996240584019481,0.9906955190848555,0.9956275551572139,0.99776241618579,0.9983599310510166,0.9949343936177487,0.9962381310890036,0.9971448331495664,0.994454053215573,0.9964791622505025,0.9957650824400057,0.9990616790723957,0.9828211385333387,0.9963055224326001,0.9971323923227432,0.9959001040492417,0.9973992760679538,0.9820064148547073
0.9986318854509127,0.9637662162022778,0.9995409716519005,0.9968769259078204,0.9993579295850218,0.9983976562455634,0.9985486172225789,0.9862346763095146,0.9095520714347117,0.9997069007554094,0.9997465476858179,0.9902020321125736,0.9962894103106142,1.0,0.9986837514985123,0.9983894782416325,0.998852971792789,0.9980888312296274,0.9978906403013389,0.9940888793565906,0.9992718418951597,0.9990293926886493,0.999516340333283,0.9992163216600524,0.9972420060231704,0.9992376836390886,0.9905689584795262,0.9966717572021261,0.9978776029132322,0.9901308685508715,0.9994563276249919,0.9973217032327755,0.9996528292901008,0.9997922217622134,0.9763446710241619,0.9989639903000338,0.9985774821277767,0.9992018585155147,0.9987273967879969,0.9882498763696598,0.9993799487830205,0.9830438623213091,0.9989580842399163,0.9997265365810832,0.997751895110861,0.9671549461434287,0.9997305100154915,0.9994222554361732,0.9937273343376145,0.9992115193415332,0.9633319808376569
0.9996726756562918,0.966303645822121,0.9984835610756729,0.9992947921215509,0.9968987524958779,0.9951697925142056,0.9974508116653229,0.987269326925335,0.9069661462441388,0.9992488854788872,0.9992496943428071,0.9907831836665724,0.9963997009934966,0.9986837514985123,1.0,0.9990754869147007,0.9981888759142178,0.9997845593452946,0.9995771092575126,0.9950951438115089,0.9972611041895337,0.9965663963828136,0.9995460938932107,0.9975734460870627,0.9989843134664379,0.999806799257189,0.9913220941503988,0.9963725682435685,0.9986509923667796,0.9901200974844164,0.9976134786356243,0.9974684432924747,0.9979941415675808,0.9986559480942455,0.9776176611236543,0.9998785388670046,0.9997188402079257,0.9977148127561776,0.9996079100277567,0.9880028679428691,0.9994117965273112,0.9849423785542866,0.9998672266145595,0.9984056023248576,0.9961272581452175,0.9676366914276627,0.9977894546264483,0.9972186068797975,0.9975308669559778,0.9995486510953094,0.9656769295143347
0.9987363419504153,0.9738675580721392,0.9985901212614243,0.9985659634670109,0.996783054790057,0.9967300829784435,0.998440864173179,0.9911990815860593,0.9184450018029605,0.9985511727627858,0.9985937148550025,0.9947338439975535,0.9986136628342888,0.9983894782416325,0.9990754869147007,1.0,0.9993435773184957,0.9988924310136502,0.998397386429732,0.9976205863227964,0.9975574971844419,0.9970641004218003,0.9989462123188486,0.9988469261430835,0.9986105233330317,0.9991617859460658,0.9950943288243951,0.9987772110675851,0.999111673247151,0.9939824596500606,0.9976581208915647,0.9985658540672505,0.9974408779185592,0.9984739655594552,0.9843223248291019,0.9987137284602535,0.9993491682697166,0.9986889443810799,0.9984298166279344,0.9921130677735912,0.9990670562750064,0.9901572025734935,0.9989145586964602,0.9978645961131443,0.9982603827945193,0.9749928930943347,0.9979392286081852,0.9981241805233536,0.9973657142073422,0.9996340215618655,0.9733431551457125
0.9982825187749871,0.9749961288260999,0.999192177550853,0.9975752790707475,0.9978180369621628,0.9981654760687815,0.9992183808549757,0.9922574577909958,0.9243519144175407,0.998284503947172,0.9986723678281859,0.9954039205444669,0.9991832536182763,0.998852971792789,0.9981888759142178,0.9993435773184957,1.0,0.998042194193041,0.9977501682160351,0.997595224443911,0.9987772060316528,0.9982002513222271,0.9987587716954226,0.9992059302885674,0.9978800300652385,0.998837089412199,0.9957932039026339,0.9992994123935159,0.9991437388910799,0.9949911451283634,0.9984052897935177,0.9991936881916764,0.9979219891476706,0.9986923481799201,0.9851883689362672,0.9979319203218332,0.9988873606419545,0.9996471189818577,0.9974592977680533,0.993708676656652,0.9989867887352442,0.9902454611716818,0.9983413066220554,0.9983416372504739,0.9993401230614988,0.9770381441113055,0.9988341411160685,0.9991172594116263,0.9956744438354528,0.9990049521383857,0.974671619785562
0.9996685297673217,0.9683180166499054,0.9981219456404293,0.9997016986900316,0.9961639713378084,0.9941961645050696,0.9972902091939588,0.9882559867619821,0.9094674179550952,0.9985997986834034,0.9988576222293016,0.9913100324695858,0.9965567366932647,0.9980888312296274,0.9997845593452946,0.9988924310136502,0.998042194193041,1.0,0.9997002740204405,0.995390171659525,0.9968115945364676,0.9958905650056236,0.9992281960897176,0.9968315779704355,0.9994085176814174,0.9996222695371433,0.9918865475244263,0.996351686763031,0.998838432526045,0.9905029801018946,0.9967681821756823,0.9979246016452826,0.9973166170256298,0.9980356590940387,0.978715805534671,0.9995811636425012,0.9997049978217666,0.9974007269811008,0.9991511988667343,0.9885267446377006,0.9992003859867656,0.9858961731837361,0.9996530602271414,0.9977894165615963,0.9957187545956921,0.9690992338350538,0.9972399160521317,0.9965953242467421,0.998271159260761,0.9991044980355075,0.967810486631993
0.9997934995063268,0.9677750926022523,0.9979373750277559,0.9996907200447872,0.9959978504619543,0.9937940004763514,0.9970402264620535,0.9882501754707433,0.9097872845789001,0.9983839662871129,0.9988484200984725,0.9910074319119776,0.9963689250104142,0.9978906403013389,0.9995771092575126,0.998397386429732,0.9977501682160351,0.9997002740204405,1.0,0.9951455259084638,0.9967166404160268,0.9955460440531563,0.9990038992986832,0.996332963302304,0.9994751434501267,0.999522386500651,0.9916488587984474,0.9960472162866454,0.9986888509099194,0.9900315075406253,0.9966205041296438,0.99792374415805,0.9970529924211955,0.9979635613652802,0.9783332510495382,0.999348740711624,0.9996383908006672,0.9972079420427199,0.9988145864201199,0.9885128399485961,0.9991547661471443,0.9853635926744814,0.9996837326099871,0.9976874848804107,0.9954126096278365,0.9687744365901968,0.9969685570104942,0.9961350469844581,0.997862027764905,0.9987457569121793,0.9673633295609066
0.9952112350494909,0.9852758142454493,0.9944357642254459,0.9960253805082677,0.9915700670272104,0.9937312139311659,0.99756762006139,0.9975857698861799,0.939869440296917,0.9935692844007485,0.994449459366449,0.9990201274694577,0.9987963448249684,0.9940888793565906,0.9950951438115089,0.9976205863227964,0.997595224443911,0.995390171659525,0.9951455259084638,1.0,0.9952647673647468,0.9944673565440829,0.9944036824885313,0.9954518010248047,0.9959546992118021,0.9954398281581753,0.9989841438298595,0.9989169110128565,0.9966759109402074,0.9987865146108372,0.9945075692807913,0.9977438170537316,0.9931400735827374,0.9941357088594619,0.9927231153412959,0.9942230176392879,0.9961072931137173,0.9957768373657812,0.9941793605063192,0.9975718218860244,0.9955986094524317,0.9966348921056273,0.9950135450201312,0.9926878485149849,0.996816657511932,0.9874822964082,0.9945297392363868,0.9944086565469566,0.9966664810161184,0.9958637646735394,0.9849391796626757
0.9975678234602982,0.9675278958752662,0.9984709431216712,0.9957137862817058,0.998371307511322,0.998520749839493,0.9994899104635128,0.9893571908191154,0.9210796406734449,0.9983858365597355,0.9989292959746126,0.9920334402742834,0.9964715612815603,0.9992718418951597,0.9972611041895337,0.9975574971844419,0.9987772060316528,0.9968115945364676,0.9967166404160268,0.9952647673647468,1.0,0.9997704446364037,0.998159526167022,0.9986116161072368,0.9962478312956861,0.9981834915620077,0.9921145509751592,0.9970687650277893,0.9968233278288361,0.9926707109770673,0.9995775572523827,0.9974174764082827,0.9993078080663044,0.9989775785414023,0.9791772145810373,0.9975535363850694,0.9973571087106893,0.9987775852406654,0.9975582971940959,0.9912386654842303,0.9986401679750594,0.9851847892431473,0.9977226134093656,0.998424129652271,0.9977951598709935,0.9727706750629566,0.9997529202156115,0.9989268251848024,0.9929713690890245,0.9979344691304892,0.9674447091596674
0.9965463041542365,0.9657665673728996,0.9978854284802465,0.9944446712973102,0.9982913161697504,0.9989085070719893,0.9992060423775034,0.9880955153545428,0.9196740624320362,0.9980856023625296,0.9983997921307833,0.9910854484855494,0.995552794216253,0.9990293926886493,0.9965663963828136,0.9970641004218003,0.9982002513222271,0.9958905650056236,0.9955460440531563,0.9944673565440829,0.9997704446364037,1.0,0.9975068186258612,0.9986363583420188,0.9949370841222316,0.997441094316025,0.9911025265453471,0.9964039137386563,0.9957691672811021,0.9921231249650798,0.9997026687351956,0.9962155971248212,0.9993286911199692,0.9986646073935125,0.977868247806597,0.9969630845370002,0.9964209040311622,0.9982205677638472,0.997270789909387,0.990390149454759,0.9979346863005026,0.9841153568550248,0.9969477536258451,0.998109747027996,0.9974084604752377,0.9716712096935726,0.9996515890628943,0.9988247127303851,0.9917979082052465,0.997522932853179,0.9654919816388641
0.9994961134641225,0.9649157356643827,0.9995359821139728,0.9984127951147874,0.9984179578451158,0.9967756859707133,0.9977684302973842,0.9863636382030762,0.9065741323085118,0.9997026837472728,0.9997174011665213,0.9903753480596963,0.9966602629095077,0.999516340333283,0.9995460938932107,0.9989462123188486,0.9987587716954226,0.9992281960897176,0.9990038992986832,0.9944036824885313,0.998159526167022,0.9975068186258612,1.0,0.9986098302344387,0.9985925864566351,0.9997903160736019,0.9909156897318787,0.996704081669481,0.9987721299238453,0.9896850909216025,0.9982551002546778,0.9978496252797923,0.9987394423781306,0.9994523679832881,0.976945221287373,0.9996346151613221,0.9994996914291495,0.9989037082177971,0.9991019962455838,0.9876499658989638,0.9996865436131562,0.9838017687882863,0.9996255284347544,0.9993806272157385,0.9972676812437302,0.9665165567119645,0.9988022478106968,0.9986680058901213,0.9956283535680401,0.9996447374177306,0.9644977550806303
0.9972972387188724,0.9687737930329301,0.9991589948800281,0.9956849631930835,0.9987317187897938,0.9992115409006296,0.9984566247338129,0.9882050445421521,0.9160074637940042,0.9988064333136671,0.9986444431949978,0.9926549012286471,0.997517775522556,0.9992163216600524,0.9975734460870627,0.9988469261430835,0.9992059302885674,0.9968315779704355,0.996332963302304,0.9954518010248047,0.9986116161072368,0.9986363583420188,0.9986098302344387,1.0,0.9963157887739346,0.9982105511773018,0.9929033363725953,0.9981171290291301,0.9977415130405688,0.9923568827829596,0.9988612608491814,0.9973564668859368,0.9985683285762158,0.9992006632186786,0.9810749027797299,0.9975982406934032,0.9978232613171231,0.9994323909281043,0.9973745536822615,0.9905230971585104,0.9985512510347164,0.9866157752627226,0.9977058273693808,0.9988257840837186,0.9990098551090197,0.9716185622690865,0.9991303191541969,0.9996975718070569,0.9930086741122441,0.9990274145549168,0.9682956834319312
0.9995542308345008,0.9709751029994824,0.9977653781239207,0.9995503127364874,0.9953958249529529,0.993250304009962,0.9969279339399338,0.9899655457544564,0.9143428237601917,0.9977791668896627,0.9983816577196191,0.9925232314566318,0.9970840162939066,0.9972420060231704,0.9989843134664379,0.9986105233330317,0.9978800300652385,0.9994085176814174,0.9994751434501267,0.9959546992118021,0.9962478312956861,0.9949370841222316,0.9985925864566351,0.9963157887739346,1.0,0.9989866432642767,0.9929090859472919,0.9968508259096281,0.9988380768121997,0.9910630970270115,0.9955914726503756,0.9986328094745386,0.9963246072804147,0.9976464051759814,0.9813470478424434,0.9985526151112317,0.9993261538810075,0.9972531644589309,0.997778698995395,0.9898534779722052,0.9990617422328191,0.9876343890386774,0.9989941291331035,0.9969372025544216,0.9957779941884455,0.9715396457884665,0.9963744487541197,0.9959669644856012,0.9978943500488496,0.9984123369639608,0.9712229317371499
0.9997425489922228,0.9670901236533676,0.9990751992368873,0.9990895891557435,0.997662823162524,0.9962949917217969,0.9981756012362348,0.988016775426739,0.9099100414354019,0.999415441400635,0.9996404642842991,0.9913815929625616,0.9970025627780804,0.9992376836390886,0.999806799257189,0.9991617859460658,0.998837089412199,0.9996222695371433,0.999522386500651,0.9954398281581753,0.9981834915620077,0.997441094316025,0.9997903160736019,0.9982105511773018,0.9989866432642767,1.0,0.9919964110218833,0.996985347675504,0.9988749907467496,0.9908483265591245,0.9982469373234941,0.9980977561558668,0.9984708220082633,0.9991789163733217,0.9783403684518955,0.9997959773421778,0.9997815008968228,0.9985968703626766,0.9993978622543336,0.9889377428058863,0.9997306001821457,0.9852677009259059,0.9999246702255427,0.9989092374726277,0.9970240379433691,0.9688952188571909,0.998603557117739,0.9980768171497569,0.9968866161044193,0.9996239353542751,0.9665870760783782
0.9916233545843692,0.9908015274552068,0.9918538438665606,0.9929636021765029,0.9884441265979718,0.9916531383003948,0.9949981430725587,0.9986189086417836,0.9490999539498787,0.9895340853351042,0.9906633332124791,0.999713099415013,0.998352011344456,0.9905689584795262,0.9913220941503988,0.9950943288243951,0.9957932039026339,0.9918865475244263,0.9916488587984474,0.9989841438298595,0.9921145509751592,0.9911025265453471,0.9909156897318787,0.9929033363725953,0.9929090859472919,0.9919964110218833,1.0,0.9981075936544811,0.9949578748298042,0.9991346671833884,0.9909894047692459,0.9963331076836934,0.9888884650925703,0.9905018729175139,0.9962891054995245,0.9900623913301386,0.9932613588729577,0.993850883241732,0.989614843027697,0.9988204253928882,0.9921547445005615,0.9985302096395683,0.9913286619012049,0.9893463118448826,0.9959758081978634,0.9913757190445143,0.9912420609408935,0.9919922535197402,0.9939341158264546,0.9925719081800617,0.990404480832718
0.9965406775550637,0.9814118724256419,0.9974684446129084,0.9963621917062943,0.9954342136986745,0.9967793401490844,0.9983879978369294,0.9952294102211605,0.9339970410032433,0.9960773680579875,0.9965513471612628,0.9979575580601652,0.9998027030562416,0.9966717572021261,0.9963725682435685,0.9987772110675851,0.9992994123935159,0.996351686763031,0.9960472162866454,0.9989169110128565,0.9970687650277893,0.9964039137386563,0.996704081669481,0.9981171290291301,0.9968508259096281,0.996985347675504,0.9981075936544811,1.0,0.9983913292822149,0.9972423076372986,0.9964431140257093,0.9989510574073636,0.9955233256678074,0.9967109909511892,0.9904581572053581,0.9956763070432698,0.9975096626271122,0.9984776788474224,0.9952159264790474,0.996407794565169,0.9973443579477452,0.9943075155599563,0.9964023589189831,0.9959509783265773,0.9992009693488865,0.9829167038183105,0.9968160140086766,0.9975684631578565,0.9954035285488226,0.9975875883981201,0.9812114116839273
0.9987607578930071,0.9747891473783101,0.9988979982450418,0.9988226191514646,0.9969181805071914,0.995682806099189,0.9975080250680946,0.9909333104341472,0.9186164953639411,0.9978778182832326,0.9981721781015225,0.9944289178336749,0.9988163435261569,0.9978776029132322,0.9986509923667796,0.999111673247151,0.9991437388910799,0.998838432526045,0.9986888509099194,0.9966759109402074,0.9968233278288361,0.9957691672811021,0.9987721299238453,0.9977415130405688,0.9988380768121997,0.9988749907467496,0.9949578748298042,0.9983913292822149,1.0,0.9929783792797306,0.9965019161254243,0.9992898198995984,0.9965241630674059,0.9976972447542735,0.9842770911779847,0.9981288747229998,0.9994853783895582,0.9987791252907148,0.9972864287602823,0.9918518604491241,0.9986570876183941,0.9895958139734843,0.998631861936038,0.9979250306672602,0.9980712755371951,0.9742893379984559,0.9971492167176099,0.9976939137309779,0.9971219922847763,0.9988174076840975,0.9741845810706277
0.9902871428844371,0.9895345859577919,0.9905585477297697,0.9911599434258445,0.987708960161175,0.9918422502207451,0.9954615385527947,0.9987903284053458,0.9521102094851929,0.9887594085293141,0.9899483398457969,0.9993140242194463,0.9969980063903301,0.9901308685508715,0.9901200974844164,0.9939824596500606,0.9949911451283634,0.9905029801018946,0.9900315075406253,0.9987865146108372,0.9926707109770673,0.9921231249650798,0.9896850909216025,0.9923568827829596,0.9910630970270115,0.9908483265591245,0.9991346671833884,0.9972423076372986,0.9929783792797306,1.0,0.991538756351429,0.9949561613226079,0.9892519668377097,0.9898630660904001,0.9952509826558692,0.9890911532383246,0.9916365032630142,0.992775271162107,0.9892577438987896,0.9990159980066577,0.9912603426708221,0.9978277688321704,0.9900704930151603,0.9883124554046692,0.9950681406550864,0.9927527920603205,0.9914419778782855,0.9915157487798979,0.9925999760574967,0.9914866328281028,0.9890791772827152
0.9973566934706516,0.9648550091420239,0.9983486643528073,0.995482357968654,0.9986048134193964,0.9988493682348822,0.9990285064227576,0.987386047352005,0.9154180664631787,0.9988294639463722,0.9989337710891333,0.9907720903079144,0.9957975088782793,0.9994563276249919,0.9976134786356243,0.9976581208915647,0.9984052897935177,0.9967681821756823,0.9966205041296438,0.9945075692807913,0.9995775572523827,0.9997026687351956,0.9982551002546778,0.9988612608491814,0.9955914726503756,0.9982469373234941,0.9909894047692459,0.9964431140257093,0.9965019161254243,0.991538756351429,1.0,0.9962887201027677,0.9995072721493906,0.9990909788014481,0.9771576071194726,0.9979565063026299,0.9973597197991853,0.9984217569329875,0.9982120575210323,0.9896919858681648,0.9984132695510668,0.9837439395186399,0.9979422092534962,0.9987776034887584,0.9975131689768938,0.9699311436642365,0.999710974801075,0.9989077605132153,0.9928055348881569,0.9983384323537488,0.9642298088840167
0.9981795087569652,0.9781515332505968,0.9982914957458283,0.9980718940778592,0.9961933794071701,0.9956591412961417,0.9982476008083168,0.9936083087351955,0.9282931041020028,0.9968395778546927,0.9976745710175121,0.9960778752286304,0.9991861155237214,0.9973217032327755,0.9974684432924747,0.9985658540672505,0.9991936881916764,0.9979246016452826,0.99792374415805,0.9977438170537316,0.9974174764082827,0.9962155971248212,0.9978496252797923,0.9973564668859368,0.9986328094745386,0.9980977561558668,0.9963331076836934,0.9989510574073636,0.9992898198995984,0.9949561613226079,0.9962887201027677,1.0,0.9962183263363668,0.9972807409723399,0.9870623525471154,0.9969527786384339,0.9985914606458388,0.9986830571913128,0.996136955958847,0.9942283141147455,0.9983526307365561,0.991585929272472,0.9976737631501227,0.9969557738882644,0.998249902726055,0.9789269699526487,0.9972057671617081,0.9974400705237895,0.9964908145871471,0.9978880933870719,0.978144979786315
0.9979312677972624,0.9610600858806749,0.9986481144031066,0.995787323148911,0.9990031014750754,0.9979157462779726,0.9984308738010634,0.9851716850240343,0.9090178267525802,0.9993595764383352,0.9993676631079081,0.9889142079427679,0.9947790523887495,0.9996528292901008,0.9979941415675808,0.9974408779185592,0.9979219891476706,0.9973166170256298,0.9970529924211955,0.9931400735827374,0.9993078080663044,0.9993286911199692,0.9987394423781306,0.9985683285762158,0.9963246072804147,0.9984708220082633,0.9888884650925703,0.9955233256678074,0.9965241630674059,0.9892519668377097,0.9995072721493906,0.9962183263363668,1.0,0.9994084107142626,0.9742548690033475,0.998416762590449,0.997496232209139,0.9981785249619033,0.998539709717509,0.9873125756174992,0.9988405805788313,0.9813635270591621,0.9981967070277992,0.999148898546173,0.9964887519277666,0.9659599448694685,0.9995580561197716,0.9987650787036093,0.9927164875390697,0.9984196467170233,0.9607971984763408
0.9988024608240371,0.963357599773543,0.9994072050527419,0.9969147118691305,0.9990770013324156,0.9980135653344133,0.9982641288511477,0.9862703649947314,0.908786964980073,0.9997275801277876,0.9997958438694892,0.9901767560969721,0.996240584019481,0.9997922217622134,0.9986559480942455,0.9984739655594552,0.9986923481799201,0.9980356590940387,0.9979635613652802,0.9941357088594619,0.9989775785414023,0.9986646073935125,0.9994523679832881,0.9992006632186786,0.9976464051759814,0.9991789163733217,0.9905018729175139,0.9967109909511892,0.9976972447542735,0.9898630660904001,0.9990909788014481,0.9972807409723399,0.9994084107142626,1.0,0.9765650517508945,0.9988462569474353,0.9985534727499882,0.9990699920158544,0.9985075140390732,0.9880962625335091,0.99956569731451,0.9831986705208663,0.998961492592495,0.9995268416282334,0.9976274961780071,0.9668596978002291,0.9994247189143735,0.9991760369741868,0.9936140611883043,0.9991862946999466,0.9633032649958695
0.9782447925399954,0.9974779428446285,0.9788469774980075,0.9808618174534208,0.9740182174852319,0.9793677254759322,0.9839883398711744,0.9965278061278325,0.9641714748438178,0.9749788511917581,0.9764629202636035,0.9966838158214267,0.9906955190848555,0.9763446710241619,0.9776176611236543,0.9843223248291019,0.9851883689362672,0.978715805534671,0.9783332510495382,0.9927231153412959,0.9791772145810373,0.977868247806597,0.976945221287373,0.9810749027797299,0.9813470478424434,0.9783403684518955,0.9962891054995245,0.9904581572053581,0.9842770911779847,0.9952509826558692,0.9771576071194726,0.9870623525471154,0.9742548690033475,0.9765650517508945,1.0,0.9754201423720122,0.980709964839642,0.9821892313268035,0.9748139247613147,0.9960785281960564,0.9790172711971931,0.9989624676700389,0.9772904493389486,0.9746771705900376,0.9864655716999172,0.9965969897877246,0.9775242111891989,0.9794110567552488,0.9838144837876652,0.9798459874797312,0.9975146931925207
0.9995343747292923,0.9636732734865069,0.9984803631612648,0.9988750045843223,0.9972082634491118,0.9954508121265874,0.9974358457927902,0.9858544146626274,0.9042149711072635,0.9994272054452803,0.9994204792696305,0.9894897947171645,0.9956275551572139,0.9989639903000338,0.9998785388670046,0.9987137284602535,0.9979319203218332,0.9995811636425012,0.999348740711624,0.9942230176392879,0.9975535363850694,0.9969630845370002,0.9996346151613221,0.9975982406934032,0.9985526151112317,0.9997959773421778,0.9900623913301386,0.9956763070432698,0.9981288747229998,0.9890911532383246,0.9979565063026299,0.9969527786384339,0.998416762590449,0.9988462569474353,0.9754201423720122,1.0,0.9994359028997658,0.9976422394077425,0.9997890682041262,0.9867241004656029,0.9993846127315167,0.9830925303486246,0.9998338596183739,0.9986245124785914,0.9957636275117079,0.9655633720871248,0.9981617747046224,0.9973796778540926,0.9967580306154218,0.999482024838825,0.9630165743572447
0.999668754954335,0.9702846597540825,0.9988946433543857,0.9995123048784704,0.9970470455143566,0.9955817493156364,0.997752339364678,0.9892752868331134,0.9123818709757262,0.9988738074936957,0.9991084951266975,0.9926087070858266,0.99776241618579,0.9985774821277767,0.9997188402079257,0.9993491682697166,0.9988873606419545,0.9997049978217666,0.9996383908006672,0.9961072931137173,0.9973571087106893,0.9964209040311622,0.9994996914291495,0.9978232613171231,0.9993261538810075,0.9997815008968228,0.9932613588729577,0.9975096626271122,0.9994853783895582,0.9916365032630142,0.9973597197991853,0.9985914606458388,0.997496232209139,0.9985534727499882,0.980709964839642,0.9994359028997658,1.0,0.9984716716419388,0.9988567157835311,0.9899735332543398,0.9994306244322937,0.9872024536568981,0.9997350506803127,0.9984355846289568,0.9972149925295859,0.970863408442166,0.9977784239946649,0.9976011068359698,0.9977216085683243,0.9994713550509979,0.969697365525096
0.9979585884033212,0.9709446748661925,0.9996712966666684,0.9966310648519672,0.9988594660268469,0.9986728729154316,0.9985454486824824,0.9895021169682965,0.918607911097354,0.9985627530902343,0.9988361473548302,0.9934050372642094,0.9983599310510166,0.9992018585155147,0.9977148127561776,0.9986889443810799,0.9996471189818577,0.9974007269811008,0.9972079420427199,0.9957768373657812,0.9987775852406654,0.9982205677638472,0.9989037082177971,0.9994323909281043,0.9972531644589309,0.9985968703626766,0.993850883241732,0.9984776788474224,0.9987791252907148,0.992775271162107,0.9984217569329875,0.9986830571913128,0.9981785249619033,0.9990699920158544,0.9821892313268035,0.9976422394077425,0.9984716716419388,1.0,0.996949149032718,0.991429162747793,0.9988494090237112,0.987314740440275,0.9980784056092274,0.999042029793254,0.9993492825208822,0.9729590025746468,0.9991044763234058,0.9996680242767423,0.9936912102379118,0.9987767741016577,0.9705978269787311
0.998998971841217,0.9630137558643311,0.9977793439466,0.998298878685615,0.9967511094169226,0.9954137696534423,0.9975455750354009,0.9856655653428718,0.9047464990085832,0.9991904524573801,0.9990886993647174,0.9892045037797889,0.9949343936177487,0.9987273967879969,0.9996079100277567,0.9984298166279344,0.9974592977680533,0.9991511988667343,0.9988145864201199,0.9941793605063192,0.9975582971940959,0.997270789909387,0.9991019962455838,0.9973745536822615,0.997778698995395,0.9993978622543336,0.989614843027697,0.9952159264790474,0.9972864287602823,0.9892577438987896,0.9982120575210323,0.996136955958847,0.998539709717509,0.9985075140390732,0.9748139247613147,0.9997890682041262,0.9988567157835311,0.996949149032718,1.0,0.9866400394411444,0.9989571594386433,0.9828052197948479,0.9994756504449503,0.9981509462646538,0.9951853010886037,0.9657903169240101,0.9980845821327644,0.9969682378267853,0.9966083543694255,0.9992361820450004,0.9621571447116364
0.9886954892739112,0.9909139897340694,0.9890690383873068,0.9895059673442477,0.986223828563349,0.9901419272302222,0.9941776802150254,0.9993030303160736,0.95938098282866,0.9867122367704848,0.9881851307293102,0.9989517781859937,0.9962381310890036,0.9882498763696598,0.9880028679428691,0.9921130677735912,0.993708676656652,0.9885267446377006,0.9885128399485961,0.9975718218860244,0.9912386654842303,0.990390149454759,0.9876499658989638,0.9905230971585104,0.9898534779722052,0.9889377428058863,0.9988204253928882,0.996407794565169,0.9918518604491241,0.9990159980066577,0.9896919858681648,0.9942283141147455,0.9873125756174992,0.9880962625335091,0.9960785281960564,0.9867241004656029,0.9899735332543398,0.991429162747793,0.9866400394411444,1.0,0.9896530160520554,0.9977210447004501,0.9881235032697465,0.9865646853106733,0.9940576976557043,0.9938523958725847,0.9895353371274215,0.9897385578134509,0.9906306005518539,0.9892779228022052,0.99126359290027
0.9997135494046897,0.9671366907633598,0.9992739677530214,0.9985627557289452,0.9980083902158062,0.9967116047236697,0.9985010431187613,0.9886443775374956,0.9124830964338264,0.9994924673466694,0.9998186212917253,0.9917908853145052,0.9971448331495664,0.9993799487830205,0.9994117965273112,0.9990670562750064,0.9989867887352442,0.9992003859867656,0.9991547661471443,0.9955986094524317,0.9986401679750594,0.9979346863005026,0.9996865436131562,0.9985512510347164,0.9990617422328191,0.9997306001821457,0.9921547445005615,0.9973443579477452,0.9986570876183941,0.9912603426708221,0.9984132695510668,0.9983526307365561,0.9988405805788313,0.99956569731451,0.9790172711971931,0.9993846127315167,0.9994306244322937,0.9988494090237112,0.9989571594386433,0.9896530160520554,1.0,0.9855869801775676,0.9995798534734419,0.9989377521114201,0.9974180407833005,0.9697812630358512,0.9988710915875668,0.998449873937297,0.9960397973568558,0.9994267320506593,0.9672164729343351
0.9851518564326329,0.995314928366322,0.9847304265396414,0.9876182429337992,0.9803339231770449,0.9845579548034893,0.9895262323441198,0.9983833781772682,0.9568582316239826,0.9821845583932105,0.9833907976307393,0.9987611003977704,0.994454053215573,0.9830438623213091,0.9849423785542866,0.9901572025734935,0.9902454611716818,0.9858961731837361,0.9853635926744814,0.9966348921056273,0.9851847892431473,0.9841153568550248,0.9838017687882863,0.9866157752627226,0.9876343890386774,0.9852677009259059,0.9985302096395683,0.9943075155599563,0.9895958139734843,0.9978277688321704,0.9837439395186399,0.991585929272472,0.9813635270591621,0.9831986705208663,0.9989624676700389,0.9830925303486246,0.9872024536568981,0.987314740440275,0.9828052197948479,0.9977210447004501,0.9855869801775676,1.0,0.9845231303994555,0.9814202243977711,0.9905693263851382,0.9950778176775646,0.9838966965870198,0.9849551702061724,0.9904648320993432,0.9864121167011295,0.9950483030355369
